8.276893675861913380e+00
8.361623077012861671e+00
8.441876554894005125e+00
8.517634562207053506e+00
8.589283083972116373e+00
1.211304252402172388e+01
1.161277386777962661e+01
1.118767567404093732e+01
1.072562466870304654e+01
1.028265636988561127e+01
9.857982661809336022e+00
9.450847977876611239e+00
9.060527956390307835e+00
8.686328151791387953e+00
8.327582799122403401e+00
7.983653629518648209e+00
7.653928734619528385e+00
7.337821477879741927e+00
7.034769450843308292e+00
6.744233472523479378e+00
6.465696630108260123e+00
6.198663359284789287e+00
5.942658562546327516e+00
5.697226763913164405e+00
5.461931298563550641e+00
5.236353535932876113e+00
5.020092134898848535e+00
4.812762329727526378e+00
4.613995245509779686e+00
4.423437241870225911e+00
4.240749283780985479e+00
4.065606338360830740e+00
3.897696796586528567e+00
3.736721918887504934e+00
3.582395303637451178e+00
3.434442377597224372e+00
3.292599907402459003e+00
3.156615531226737659e+00
3.026247309787073458e+00
2.901263295892867244e+00
