9.621295709204446212e+00
8.503068769845841146e+00
7.774927197436427129e+00
7.345030091782189352e+00
7.158789864945013015e+00
1.002695208923000969e+01
9.612801193207522132e+00
9.260914170302548598e+00
8.878438415069053846e+00
8.511758908526703138e+00
8.160223265604550136e+00
7.823206044735082187e+00
7.500107635087523761e+00
7.190353189758409869e+00
6.893391603021386871e+00
6.608694529816603769e+00
6.335755445735178348e+00
6.074088745826315971e+00
5.823228880623688042e+00
5.582729527853929952e+00
5.352162798353561790e+00
5.131118474781560579e+00
4.919203281773082637e+00
4.716040186235853859e+00
4.521267726544313525e+00
4.334539369438033418e+00
4.155522893480243063e+00
3.983899797979508772e+00
3.819364736322955256e+00
3.661624972712817172e+00
3.510399861339778216e+00
3.365420347066445217e+00
3.226428486732600742e+00
3.093176990230544376e+00
2.965428780534023367e+00
2.842956571897968132e+00
2.725542465478581811e+00
2.612977561654316716e+00
2.505061588357993863e+00
2.401602544758808300e+00
